nodelay
FairExchange, 64, 2.2172609500000817, 4.853589953999972, 0.12048557799994342, 0.2167696789999809, 0.15021571900001618, 0.08239303300001666
FairExchange, 64, 2.1749496980000913, 4.989217881000059, 0.12059363100001974, 0.21429579300001933, 0.15481673400017826, 0.07835561499996402

200ms 10ms 10mbit
FairExchange, 64, 3.080738714000063, 5.781340949000196, 0.9436156379999829, 1.4945470729999215, 0.5724829900000259, 0.9093296519999967
FairExchange, 64, 2.9723443369998677, 5.3145892979998735, 0.9504149650001636, 1.4916367209998498, 0.5737701620000735, 0.9106327550000515
FairExchange, 64, 3.043789308999976, 5.0968200339998475, 0.9525143159999061, 1.4959991949999676, 0.5720898609999949, 0.9133728059998703

20ms 1ms 100mbit
FairExchange, 64, 2.078655190000063, 4.208308101000057, 0.20417333099999269, 0.31858687800013286, 0.19265120400018532, 0.16385956700014503
FairExchange, 64, 2.1977290329998596, 4.525157261000004, 0.19768239900008666, 0.31700208600000224, 0.19210221499997715, 0.1614980919998743
